[
    {
        "target": "当前",
        "datapoints": [
            [
                121,
                1487035200000
            ],
            [
                165,
                1487035440000
            ],
            [
                199,
                1487035680000
            ],
            [
                175,
                1487035920000
            ],
            [
                186,
                1487036160000
            ],
            [
                208,
                1487036400000
            ],
            [
                176,
                1487036640000
            ],
            [
                202,
                1487036880000
            ],
            [
                178,
                1487037120000
            ],
            [
                0,
                1487037360000
            ],
            [
                0,
                1487037600000
            ],
            [
                0,
                1487037840000
            ],
            [
                0,
                1487038080000
            ],
            [
                0,
                1487038320000
            ],
            [
                0,
                1487038560000
            ],
            [
                0,
                1487038800000
            ],
            [
                0,
                1487039040000
            ],
            [
                0,
                1487039280000
            ],
            [
                0,
                1487039520000
            ],
            [
                0,
                1487039760000
            ],
            [
                0,
                1487040000000
            ],
            [
                0,
                1487040240000
            ],
            [
                0,
                1487040480000
            ],
            [
                0,
                1487040720000
            ],
            [
                0,
                1487040960000
            ],
            [
                0,
                1487041200000
            ],
            [
                0,
                1487041440000
            ],
            [
                0,
                1487041680000
            ],
            [
                0,
                1487041920000
            ],
            [
                0,
                1487042160000
            ],
            [
                0,
                1487042400000
            ],
            [
                0,
                1487042640000
            ],
            [
                0,
                1487042880000
            ],
            [
                0,
                1487043120000
            ],
            [
                0,
                1487043360000
            ],
            [
                0,
                1487043600000
            ],
            [
                0,
                1487043840000
            ],
            [
                0,
                1487044080000
            ],
            [
                0,
                1487044320000
            ],
            [
                0,
                1487044560000
            ],
            [
                0,
                1487044800000
            ],
            [
                0,
                1487045040000
            ],
            [
                0,
                1487045280000
            ],
            [
                0,
                1487045520000
            ],
            [
                0,
                1487045760000
            ],
            [
                0,
                1487046000000
            ],
            [
                0,
                1487046240000
            ],
            [
                0,
                1487046480000
            ],
            [
                0,
                1487046720000
            ],
            [
                0,
                1487046960000
            ],
            [
                0,
                1487047200000
            ],
            [
                0,
                1487047440000
            ],
            [
                0,
                1487047680000
            ],
            [
                0,
                1487047920000
            ],
            [
                0,
                1487048160000
            ],
            [
                0,
                1487048400000
            ],
            [
                0,
                1487048640000
            ],
            [
                0,
                1487048880000
            ],
            [
                0,
                1487049120000
            ],
            [
                0,
                1487049360000
            ],
            [
                0,
                1487049600000
            ],
            [
                0,
                1487049840000
            ],
            [
                0,
                1487050080000
            ],
            [
                0,
                1487050320000
            ],
            [
                0,
                1487050560000
            ],
            [
                0,
                1487050800000
            ],
            [
                0,
                1487051040000
            ],
            [
                0,
                1487051280000
            ],
            [
                89,
                1487051520000
            ],
            [
                187,
                1487051760000
            ],
            [
                185,
                1487052000000
            ],
            [
                168,
                1487052240000
            ],
            [
                185,
                1487052480000
            ],
            [
                226,
                1487052720000
            ],
            [
                205,
                1487052960000
            ],
            [
                195,
                1487053200000
            ],
            [
                175,
                1487053440000
            ],
            [
                179,
                1487053680000
            ],
            [
                204,
                1487053920000
            ],
            [
                198,
                1487054160000
            ],
            [
                196,
                1487054400000
            ],
            [
                196,
                1487054640000
            ],
            [
                198,
                1487054880000
            ],
            [
                190,
                1487055120000
            ],
            [
                222,
                1487055360000
            ],
            [
                196,
                1487055600000
            ],
            [
                202,
                1487055840000
            ],
            [
                190,
                1487056080000
            ],
            [
                214,
                1487056320000
            ],
            [
                222,
                1487056560000
            ],
            [
                63,
                1487056800000
            ]
        ],
        "columnName": ""
    },
    {
        "target": "环比",
        "datapoints": [
            [
                35,
                1487035200000
            ],
            [
                31,
                1487035440000
            ],
            [
                38,
                1487035680000
            ],
            [
                19,
                1487035920000
            ],
            [
                24,
                1487036160000
            ],
            [
                31,
                1487036400000
            ],
            [
                33,
                1487036640000
            ],
            [
                35,
                1487036880000
            ],
            [
                26,
                1487037120000
            ],
            [
                8,
                1487037360000
            ],
            [
                38,
                1487037600000
            ],
            [
                45,
                1487037840000
            ],
            [
                43,
                1487038080000
            ],
            [
                32,
                1487038320000
            ],
            [
                29,
                1487038560000
            ],
            [
                36,
                1487038800000
            ],
            [
                30,
                1487039040000
            ],
            [
                22,
                1487039280000
            ],
            [
                20,
                1487039520000
            ],
            [
                34,
                1487039760000
            ],
            [
                21,
                1487040000000
            ],
            [
                25,
                1487040240000
            ],
            [
                26,
                1487040480000
            ],
            [
                15,
                1487040720000
            ],
            [
                19,
                1487040960000
            ],
            [
                22,
                1487041200000
            ],
            [
                21,
                1487041440000
            ],
            [
                29,
                1487041680000
            ],
            [
                34,
                1487041920000
            ],
            [
                38,
                1487042160000
            ],
            [
                28,
                1487042400000
            ],
            [
                21,
                1487042640000
            ],
            [
                28,
                1487042880000
            ],
            [
                43,
                1487043120000
            ],
            [
                38,
                1487043360000
            ],
            [
                35,
                1487043600000
            ],
            [
                48,
                1487043840000
            ],
            [
                37,
                1487044080000
            ],
            [
                38,
                1487044320000
            ],
            [
                45,
                1487044560000
            ],
            [
                54,
                1487044800000
            ],
            [
                68,
                1487045040000
            ],
            [
                65,
                1487045280000
            ],
            [
                75,
                1487045520000
            ],
            [
                101,
                1487045760000
            ],
            [
                106,
                1487046000000
            ],
            [
                88,
                1487046240000
            ],
            [
                125,
                1487046480000
            ],
            [
                121,
                1487046720000
            ],
            [
                124,
                1487046960000
            ],
            [
                113,
                1487047200000
            ],
            [
                129,
                1487047440000
            ],
            [
                133,
                1487047680000
            ],
            [
                154,
                1487047920000
            ],
            [
                139,
                1487048160000
            ],
            [
                196,
                1487048400000
            ],
            [
                172,
                1487048640000
            ],
            [
                170,
                1487048880000
            ],
            [
                159,
                1487049120000
            ],
            [
                161,
                1487049360000
            ],
            [
                158,
                1487049600000
            ],
            [
                242,
                1487049840000
            ],
            [
                175,
                1487050080000
            ],
            [
                175,
                1487050320000
            ],
            [
                169,
                1487050560000
            ],
            [
                183,
                1487050800000
            ],
            [
                208,
                1487051040000
            ],
            [
                201,
                1487051280000
            ],
            [
                205,
                1487051520000
            ],
            [
                180,
                1487051760000
            ],
            [
                193,
                1487052000000
            ],
            [
                207,
                1487052240000
            ],
            [
                195,
                1487052480000
            ],
            [
                162,
                1487052720000
            ],
            [
                137,
                1487052960000
            ],
            [
                211,
                1487053200000
            ],
            [
                199,
                1487053440000
            ],
            [
                187,
                1487053680000
            ],
            [
                178,
                1487053920000
            ],
            [
                175,
                1487054160000
            ],
            [
                189,
                1487054400000
            ],
            [
                183,
                1487054640000
            ],
            [
                187,
                1487054880000
            ],
            [
                198,
                1487055120000
            ],
            [
                189,
                1487055360000
            ],
            [
                183,
                1487055600000
            ],
            [
                223,
                1487055840000
            ],
            [
                178,
                1487056080000
            ],
            [
                182,
                1487056320000
            ],
            [
                187,
                1487056560000
            ],
            [
                70,
                1487056800000
            ]
        ],
        "columnName": ""
    }
]